,train_loss,train_acc,test_loss,test_acc,time
0,2.1606968978066434,0.40581689765458423,1.8157848477363587,0.7152999937534332,7.794946193695068
1,1.723432755038174,0.7751365938166311,1.6489056587219237,0.834499990940094,7.503339052200317
2,1.6341237360988852,0.845815565031983,1.5897699356079102,0.8972000002861023,7.676660060882568
3,1.5760552331582824,0.9046008795309168,1.5602969527244568,0.9137000024318696,7.182881832122803
4,1.5587206857799212,0.9152452025586354,1.5511964559555054,0.9184000074863434,7.303877115249634
5,1.5496802281723348,0.9222081556503199,1.543491780757904,0.9271000027656555,7.160673141479492
6,1.5433205917700012,0.9272054904051172,1.5387155413627625,0.9301999926567077,7.277490139007568
7,1.5380280265675934,0.931603144989339,1.5351369261741639,0.9331999957561493,7.5675950050354
8,1.5337621832707289,0.9352511993603412,1.5307465195655823,0.9379000067710876,7.685236215591431
9,1.5299709387171243,0.9384494936034116,1.5276392340660094,0.9393999993801116,7.627695083618164
10,1.5267196861919818,0.9411147388059702,1.5257140398025513,0.9408999919891358,7.525414228439331
11,1.5236108876240533,0.9442297441364605,1.5232630848884583,0.9426999986171722,7.5096821784973145
12,1.5209187483990878,0.947261460554371,1.5207568764686585,0.9446999967098236,7.510357141494751
13,1.518453226414825,0.9488272921108742,1.5193861722946167,0.944899994134903,7.2806620597839355
14,1.5161860619526681,0.9507929104477612,1.517101490497589,0.9481000065803528,7.77593207359314
15,1.5141018213493738,0.9524920042643923,1.5152691006660461,0.9489999890327454,7.701405048370361
16,1.5121741249108873,0.9541078091684435,1.5144017696380616,0.9486000061035156,7.70712685585022
17,1.5104001930781774,0.9558901918976546,1.5126430630683898,0.9509999990463257,7.808639049530029
18,1.5085900220027102,0.9575559701492538,1.5127772688865662,0.9510999977588653,7.567501068115234
19,1.5071288481958385,0.9585887526652452,1.5104377269744873,0.9530000030994416,8.09779691696167
