,train_loss,train_acc,test_loss,test_acc,time
0,2.301117022662783,0.10697627931769722,2.2989553213119507,0.13090000227093695,12.715296030044556
1,2.2952415361079073,0.18017057569296374,2.2879253149032595,0.24700000137090683,12.558806896209717
2,2.266390255010967,0.21215351812366737,2.234435033798218,0.1876000002026558,12.352771997451782
3,2.2163740716763396,0.20868869936034115,2.200307607650757,0.23689999729394912,12.773721933364868
4,2.1809405899251195,0.2844482942430704,2.155411434173584,0.32310000360012053,12.959553956985474
5,2.13407129697454,0.34998001066098083,2.1080257177352903,0.37360000014305117,12.786847829818726
6,2.1048437579354244,0.36941964285714285,2.0921057224273683,0.38019999861717224,12.998086929321289
7,2.0832822536354634,0.3880930170575693,2.0677304744720457,0.40989999771118163,13.82884693145752
8,2.064199170196997,0.4150952825159915,2.0567227959632874,0.42110000252723695,13.31362509727478
9,2.0541907217202664,0.4224746801705757,2.047700822353363,0.42539999783039095,13.336034059524536
10,2.0479898263396485,0.42414045842217485,2.0429420113563537,0.42879999577999117,13.342917919158936
11,2.041195869954156,0.44586220682302774,2.031224775314331,0.45629999935626986,13.490672826766968
12,2.023505681994627,0.46301972281449894,2.011457061767578,0.4750999927520752,13.073838233947754
13,1.9949942026565324,0.5225879530916845,1.9737501978874206,0.5571999967098236,13.624436855316162
14,1.967424326486933,0.5581023454157783,1.9509644985198975,0.5633000046014786,14.169343948364258
15,1.9485759634707274,0.5670642324093816,1.9355015993118285,0.5803000032901764,13.520249843597412
16,1.9339677785505365,0.5839552238805971,1.918710434436798,0.5952999949455261,14.932533025741577
17,1.9219288382448876,0.5891691098081023,1.9117857575416566,0.5966000020503998,17.43182396888733
18,1.914808932143742,0.5899353678038379,1.9057981848716736,0.5966000020503998,16.657163858413696
19,1.9110376659486847,0.5899853411513859,1.9026384830474854,0.598199999332428,13.487584829330444
